%% find axes near molar 3

pt1 = [11.187, 5.251, 9.077];
pt2 = [-6.182, 7.334, 11.308];

try_line = [pt1, pt2];

molar3line = [9.84, 4.07, 4.54, -7.43, 6.33, 6.56];
condilesline = [20.9, 3.73, 23.2, -9.66, 8.054, 27.454];
