coeff =

    0.2216    0.9724    0.0735
    0.3302   -0.1458    0.9326
    0.9175   -0.1824   -0.3534