<?xml version="1.0" encoding="utf-8"?>
<mathtication lower_jaw_name="LokiSaimiriLower.ply" upper_jaw_name="LokiSaimiriUpper.ply">
   <axes>
      <axes_raw>
         <lower>
            <axis>0.221633,0.330170,0.917533</axis>
            <axis>0.972354,-0.145775,-0.182419</axis>
            <axis>0.073523,0.932597,-0.353351</axis>
         </lower>
         <upper>
            <axis>0.122961,0.351667,0.928014</axis>
            <axis>0.990253,-0.105125,-0.091371</axis>
            <axis>0.065425,0.930204,-0.361165</axis>
         </upper>
      </axes_raw>
      <axes_adaptive_crop>
         <lower>
            <axis>-0.100996,-0.641381,-0.760546</axis>
            <axis>-0.994857,0.071049,0.072195</axis>
            <axis>-0.007731,-0.763926,0.645258</axis>
         </lower>
         <upper>
            <axis>-0.181919,-0.640192,-0.746365</axis>
            <axis>-0.983242,0.127582,0.130222</axis>
            <axis>-0.011856,-0.757547,0.652673</axis>
         </upper>
      </axes_adaptive_crop>
   </axes>
</mathtication>