<?xml version="1.0" encoding="utf-8"?>
<mathtication lower_jaw_name="LokiSaimiriLower.ply" upper_jaw_name="LokiSaimiriUpper.ply">
   <axes>
      <axes_raw>
         <lower>
            <axis>0.219579,0.330540,0.917893</axis>
            <axis>0.972866,-0.144510,-0.180690</axis>
            <axis>0.072920,0.932663,-0.353303</axis>
         </lower>
         <upper>
            <axis>0.122961,0.351667,0.928014</axis>
            <axis>0.990253,-0.105125,-0.091371</axis>
            <axis>0.065425,0.930204,-0.361165</axis>
         </upper>
      </axes_raw>
      <axes_adaptive_crop>
         <lower>
            <axis>0.945927,0.187980,0.264361</axis>
            <axis>0.324162,-0.577716,-0.749108</axis>
            <axis>-0.011908,-0.794297,0.607413</axis>
         </lower>
         <upper>
            <axis>-0.181779,-0.612105,-0.769600</axis>
            <axis>-0.983161,0.128041,0.130383</axis>
            <axis>-0.018732,-0.780341,0.625073</axis>
         </upper>
      </axes_adaptive_crop>
   </axes>
</mathtication>