<?xml version="1.0" encoding="utf-8"?>
<mathtication lower_jaw_name="lower_cropped-downsampled.ply" upper_jaw_name="upper_cropped-downsampled.ply">
   <axes>
      <axes_raw>
         <lower>
            <axis>0.219579,0.330540,0.917893</axis>
            <axis>0.972866,-0.144510,-0.180690</axis>
            <axis>0.072920,0.932663,-0.353303</axis>
         </lower>
         <upper>
            <axis>0.122961,0.351667,0.928014</axis>
            <axis>0.990253,-0.105125,-0.091371</axis>
            <axis>0.065425,0.930204,-0.361165</axis>
         </upper>
      </axes_raw>
      <axes_adaptive_crop>
         <lower>
            <axis>0.100956,0.641390,0.760543</axis>
            <axis>0.994861,-0.071023,-0.072164</axis>
            <axis>-0.007731,-0.763920,0.645264</axis>
         </lower>
         <upper>
            <axis>-0.203807,-0.633347,-0.746548</axis>
            <axis>-0.978949,0.140398,0.148143</axis>
            <axis>-0.010988,-0.761025,0.648629</axis>
         </upper>
      </axes_adaptive_crop>
   </axes>
</mathtication>