<?xml version="1.0" encoding="utf-8"?>
<mathtication lower_jaw_name="LokiSaimiriLower.ply" upper_jaw_name="LokiSaimiriUpper.ply">
   <axes>
      <axes_raw>
         <lower>
            <axis>0.221633,0.330170,0.917533</axis>
            <axis>0.972354,-0.145775,-0.182419</axis>
            <axis>0.073523,0.932597,-0.353351</axis>
         </lower>
         <upper>
            <axis>0.122961,0.351667,0.928014</axis>
            <axis>0.990253,-0.105125,-0.091371</axis>
            <axis>0.065425,0.930204,-0.361165</axis>
         </upper>
      </axes_raw>
      <axes_adaptive_crop>
         <lower>
            <axis>0.921487,0.238813,0.306317</axis>
            <axis>0.388356,-0.579547,-0.716453</axis>
            <axis>-0.006427,-0.779162,0.626789</axis>
         </lower>
         <upper>
            <axis>-0.292727,-0.545855,-0.785082</axis>
            <axis>-0.955912,0.187073,0.226353</axis>
            <axis>-0.023312,-0.816729,0.576551</axis>
         </upper>
      </axes_adaptive_crop>
   </axes>
</mathtication>