axes_upper =

    0.1230    0.9903    0.0654
    0.3517   -0.1051    0.9302
    0.9280   -0.0914   -0.3612

axes_lower =

    0.2216    0.9724    0.0735
    0.3302   -0.1458    0.9326
    0.9175   -0.1824   -0.3534

lower FM

    0.6047    0.7039    0.3728
   -0.7667    0.3876    0.5117
    0.2157   -0.5952    0.7741